0.0515118183
0.0425759245
0.0308831829
0.0307942224
0.0301844725
0.0249524849
0.0147229576
0.0138908066
0.0134580510
0.0109208243
0.0086532590
0.0071826312
0.0065728813
0.0056693766
0.0051597072
0.0049057992
0.0046250177
0.0046222377
0.0042423024
0.0035408120
0.0032859773
0.0032850507
0.0032090636
0.0028013281
0.0025214733
0.0024519729
0.0024037860
0.0023555991
0.0022249384
0.0021869449
0.0021109578
0.0019802971
0.0019552770
0.0019145034
0.0019135768
0.0018783632
0.0018283230
0.0018273963
0.0018264696
0.0018144229
0.0017643826
0.0017338025
0.0017161957
0.0017032223
0.0016930289
0.0016763488
0.0016550354
0.0015401281
0.0015169613
0.0014613610
0.0014280009
0.0014011274
0.0013992740
0.0013770339
0.0013751806
0.0013603538
0.0013575738
0.0013344070
0.0013186536
0.0012964135
0.0012964135
0.0012936335
0.0012741734
0.0012528599
0.0012380332
0.0011916996
0.0011889196
0.0011889196
0.0011796529
0.0011694595
0.0011407327
0.0011323926
0.0011120059
0.0011045925
0.0010962524
0.0010888391
0.0010888391
0.0010564056
0.0009989519
0.0009961719
0.0009702251
0.0009683718
0.0009683718
0.0009628117
0.0009581784
0.0009387183
0.0009350116
0.0009350116
0.0009322316
0.0009155515
0.0009146248
0.0009072115
0.0008979447
0.0008858980
0.0008757046
0.0008664379
0.0008599512
0.0008590245
0.0008516112
0.0008460511
0.0008302977
0.0008275177
0.0008108376
0.0008062043
0.0008043509
0.0007978642
0.0007923042
0.0007737707
0.0007376306
0.0007376306
0.0007255838
0.0007144638
0.0007144638
0.0007089037
0.0007079771
0.0006875903
0.0006811036
0.0006718369
0.0006709102
0.0006672035
0.0006653502
0.0006644235
0.0006403300
0.0006255033
0.0006199433
0.0006180899
0.0006162366
0.0006088232
0.0006069699
0.0005995565
0.0005986298
0.0005967765
0.0005958498
0.0005930698
0.0005921431
0.0005865831
0.0005810231
0.0005810231
0.0005782430
0.0005708297
0.0005708297
0.0005661963
0.0005661963
0.0005624896
0.0005597096
0.0005578563
0.0005532229
0.0005522962
0.0005383962
0.0005189361
0.0005189361
0.0005170827
0.0005152294
0.0005096694
0.0005068893
0.0005013293
0.0004939159
0.0004939159
0.0004911359
0.0004874292
0.0004846492
0.0004846492
0.0004800159
0.0004772358
0.0004688958
0.0004670425
0.0004624091
0.0004605558
0.0004596291
0.0004577757
0.0004577757
0.0004559224
0.0004494357
0.0004475824
0.0004466557
0.0004438757
0.0004429490
0.0004401690
0.0004392423
0.0004383156
0.0004373890
0.0004327556
0.0004281223
0.0004253422
0.0004253422
0.0004244156
0.0004244156
0.0004207089
0.0004160755
0.0004142222
0.0004132955
0.0004123688
0.0004077355
0.0004040288
0.0004031021
0.0004031021
0.0004031021
0.0003993954
0.0003984688
0.0003956888
0.0003938354
0.0003938354
0.0003938354
0.0003929087
0.0003910554
0.0003910554
0.0003901287
0.0003901287
0.0003892021
0.0003873487
0.0003817887
0.0003817887
0.0003799353
0.0003762287
0.0003743753
0.0003743753
0.0003715953
0.0003688153
0.0003688153
0.0003678886
0.0003641819
0.0003614019
0.0003595486
0.0003595486
0.0003586219
0.0003586219
0.0003586219
0.0003558419
0.0003521352
0.0003512085
0.0003493552
0.0003493552
0.0003475018
0.0003447218
0.0003410151
0.0003363818
0.0003345284
0.0003298951
0.0003289684
0.0003261884
0.0003252617
0.0003243350
0.0003234084
0.0003215550
0.0003178483
0.0003169217
0.0003141417
0.0003141417
0.0003132150
0.0003122883
0.0003122883
0.0003104350
0.0003104350
0.0003095083
0.0003095083
0.0003085816
0.0003067283
0.0003067283
0.0003039483
0.0003020949
0.0003011683
0.0003002416
0.0002974616
0.0002946816
0.0002937549
0.0002928282
0.0002919015
0.0002919015
0.0002919015
0.0002900482
0.0002881949
0.0002854148
0.0002844882
0.0002826348
0.0002807815
0.0002798548
0.0002789281
0.0002780015
0.0002761481
0.0002752215
0.0002752215
0.0002742948
0.0002742948
0.0002742948
0.0002715148
0.0002715148
0.0002696614
0.0002687348
0.0002659547
0.0002659547
0.0002641014
0.0002622480
0.0002622480
0.0002603947
0.0002566880
0.0002548347
0.0002529813
0.0002529813
0.0002520547
0.0002520547
0.0002520547
0.0002511280
0.0002502013
0.0002492746
0.0002483480
0.0002474213
0.0002474213
0.0002474213
0.0002474213
0.0002464946
0.0002427879
0.0002427879
0.0002418613
0.0002418613
0.0002418613
0.0002409346
0.0002409346
0.0002390813
0.0002381546
0.0002372279
0.0002335212
0.0002316679
0.0002307412
0.0002307412
0.0002307412
0.0002298145
0.0002288879
0.0002279612
0.0002279612
0.0002270345
0.0002242545
0.0002214745
0.0002205478
0.0002196212
0.0002186945
0.0002186945
0.0002177678
0.0002177678
0.0002168411
0.0002168411
0.0002168411
0.0002168411
0.0002159145
0.0002159145
0.0002159145
0.0002140611
0.0002140611
0.0002122078
0.0002094278
0.0002094278
0.0002094278
0.0002085011
0.0002085011
0.0002075744
0.0002075744
0.0002066478
0.0002066478
0.0002047944
0.0002038677
0.0002029411
0.0002029411
0.0002029411
0.0002010877
0.0002010877
0.0002001611
0.0002001611
0.0001992344
0.0001983077
0.0001983077
0.0001973810
0.0001955277
0.0001936744
0.0001936744
0.0001936744
0.0001927477
0.0001927477
0.0001927477
0.0001918210
0.0001899677
0.0001890410
0.0001881143
0.0001881143
0.0001881143
0.0001871877
0.0001862610
0.0001862610
0.0001862610
0.0001862610
0.0001862610
0.0001853343
0.0001853343
0.0001834810
0.0001834810
0.0001834810
0.0001825543
0.0001816276
0.0001807010
0.0001797743
0.0001797743
0.0001797743
0.0001797743
0.0001797743
0.0001788476
0.0001779209
0.0001779209
0.0001760676
0.0001760676
0.0001751409
0.0001742143
0.0001742143
0.0001742143
0.0001742143
0.0001732876
0.0001732876
0.0001723609
0.0001723609
0.0001714342
0.0001705076
0.0001705076
0.0001705076
0.0001695809
0.0001695809
0.0001695809
0.0001695809
0.0001686542
0.0001677276
0.0001677276
0.0001677276
0.0001677276
0.0001668009
0.0001668009
0.0001658742
0.0001649475
0.0001649475
0.0001649475
0.0001640209
0.0001640209
0.0001640209
0.0001630942
0.0001630942
0.0001621675
0.0001621675
0.0001612409
0.0001612409
0.0001612409
0.0001612409
0.0001612409
0.0001603142
0.0001603142
0.0001593875
0.0001593875
0.0001593875
0.0001593875
0.0001584608
0.0001584608
0.0001575342
0.0001566075
0.0001566075
0.0001566075
0.0001556808
0.0001538275
0.0001538275
0.0001529008
0.0001529008
0.0001501208
0.0001491941
0.0001491941
0.0001482674
0.0001482674
0.0001473408
0.0001473408
0.0001473408
0.0001464141
0.0001454874
0.0001454874
0.0001445608
0.0001436341
0.0001436341
0.0001436341
0.0001427074
0.0001427074
0.0001427074
0.0001427074
0.0001427074
0.0001417807
0.0001408541
0.0001408541
0.0001408541
0.0001408541
0.0001408541
0.0001399274
0.0001399274
0.0001399274
0.0001399274
0.0001399274
0.0001390007
0.0001380741
0.0001371474
0.0001371474
0.0001371474
0.0001362207
0.0001352940
0.0001352940
0.0001352940
0.0001352940
0.0001352940
0.0001352940
0.0001343674
0.0001343674
0.0001343674
0.0001334407
0.0001334407
0.0001325140
0.0001325140
0.0001325140
0.0001325140
0.0001325140
0.0001325140
0.0001325140
0.0001315874
0.0001315874
0.0001315874
0.0001315874
0.0001315874
0.0001306607
0.0001306607
0.0001297340
0.0001297340
0.0001297340
0.0001297340
0.0001288073
0.0001278807
0.0001278807
0.0001278807
0.0001278807
0.0001278807
0.0001269540
0.0001269540
0.0001269540
0.0001260273
0.0001260273
0.0001260273
0.0001260273
0.0001251007
0.0001251007
0.0001251007
0.0001251007
0.0001241740
0.0001232473
0.0001232473
0.0001232473
0.0001223206
0.0001223206
0.0001223206
0.0001223206
0.0001223206
0.0001213940
0.0001213940
0.0001204673
0.0001204673
0.0001204673
0.0001204673
0.0001195406
0.0001195406
0.0001186140
0.0001176873
0.0001176873
0.0001167606
0.0001167606
0.0001167606
0.0001158339
0.0001158339
0.0001158339
0.0001158339
0.0001158339
0.0001158339
0.0001158339
0.0001158339
0.0001158339
0.0001149073
0.0001149073
0.0001149073
0.0001149073
0.0001139806
0.0001139806
0.0001130539
0.0001130539
0.0001130539
0.0001130539
0.0001121273
0.0001121273
0.0001121273
0.0001121273
0.0001112006
0.0001112006
0.0001112006
0.0001112006
0.0001102739
0.0001102739
0.0001102739
0.0001093472
0.0001093472
0.0001084206
0.0001084206
0.0001084206
0.0001084206
0.0001074939
0.0001074939
0.0001074939
0.0001074939
0.0001074939
0.0001065672
0.0001065672
0.0001065672
0.0001056406
0.0001056406
0.0001056406
0.0001056406
0.0001047139
0.0001047139
0.0001037872
0.0001037872
0.0001037872
0.0001037872
0.0001037872
0.0001028605
0.0001028605
0.0001028605
0.0001028605
0.0001028605
0.0001019339
0.0001019339
0.0001019339
0.0001010072
0.0001010072
0.0001010072
0.0001010072
0.0001010072
0.0001000805
0.0001000805
0.0001000805
0.0001000805
0.0001000805
0.0000991539
0.0000991539
0.0000991539
0.0000991539
0.0000991539
0.0000991539
0.0000991539
0.0000991539
0.0000982272
0.0000982272
0.0000982272
0.0000982272
0.0000973005
0.0000973005
0.0000973005
0.0000963738
0.0000963738
0.0000954472
0.0000954472
0.0000954472
0.0000954472
0.0000945205
0.0000935938
0.0000935938
0.0000935938
0.0000935938
0.0000935938
0.0000926672
0.0000926672
0.0000926672
0.0000917405
0.0000917405
0.0000917405
0.0000917405
0.0000917405
0.0000917405
0.0000917405
0.0000917405
0.0000908138
0.0000908138
0.0000908138
0.0000908138
0.0000908138
0.0000908138
0.0000908138
0.0000908138
0.0000898871
0.0000898871
0.0000898871
0.0000898871
0.0000898871
0.0000889605
0.0000889605
0.0000880338
0.0000880338
0.0000871071
0.0000871071
0.0000871071
0.0000871071
0.0000871071
0.0000871071
0.0000871071
0.0000871071
0.0000861805
0.0000861805
0.0000861805
0.0000861805
0.0000861805
0.0000861805
0.0000861805
0.0000861805
0.0000852538
0.0000852538
0.0000843271
0.0000843271
0.0000843271
0.0000843271
0.0000843271
0.0000834004
0.0000834004
0.0000834004
0.0000834004
0.0000834004
0.0000834004
0.0000834004
0.0000834004
0.0000824738
0.0000824738
0.0000824738
0.0000824738
0.0000824738
0.0000824738
0.0000815471
0.0000815471
0.0000815471
0.0000815471
0.0000815471
0.0000815471
0.0000815471
0.0000815471
0.0000815471
0.0000815471
0.0000806204
0.0000806204
0.0000796938
0.0000796938
0.0000796938
0.0000796938
0.0000796938
0.0000796938
0.0000796938
0.0000796938
0.0000787671
0.0000787671
0.0000787671
0.0000787671
0.0000778404
0.0000778404
0.0000778404
0.0000778404
0.0000778404
0.0000778404
0.0000778404
0.0000769137
0.0000769137
0.0000769137
0.0000769137
0.0000769137
0.0000769137
0.0000759871
0.0000759871
0.0000759871
0.0000759871
0.0000759871
0.0000759871
0.0000750604
0.0000750604
0.0000750604
0.0000750604
0.0000750604
0.0000750604
0.0000750604
0.0000750604
0.0000741337
0.0000741337
0.0000741337
0.0000741337
0.0000741337
0.0000732071
0.0000732071
0.0000732071
0.0000722804
0.0000722804
0.0000722804
0.0000722804
0.0000722804
0.0000722804
0.0000713537
0.0000713537
0.0000713537
0.0000713537
0.0000713537
0.0000713537
0.0000704270
0.0000704270
0.0000704270
0.0000704270
0.0000704270
0.0000704270
0.0000704270
0.0000704270
0.0000695004
0.0000695004
0.0000695004
0.0000695004
0.0000695004
0.0000685737
0.0000685737
0.0000685737
0.0000685737
0.0000685737
0.0000685737
0.0000685737
0.0000676470
0.0000676470
0.0000676470
0.0000676470
0.0000676470
0.0000676470
0.0000676470
0.0000676470
0.0000676470
0.0000676470
0.0000676470
0.0000667204
0.0000667204
0.0000667204
0.0000667204
0.0000667204
0.0000667204
0.0000667204
0.0000667204
0.0000667204
0.0000667204
0.0000657937
0.0000657937
0.0000657937
0.0000657937
0.0000657937
0.0000657937
0.0000648670
0.0000648670
0.0000648670
0.0000648670
0.0000648670
0.0000648670
0.0000648670
0.0000648670
0.0000639403
0.0000639403
0.0000639403
0.0000639403
0.0000639403
0.0000639403
0.0000639403
0.0000639403
0.0000630137
0.0000630137
0.0000630137
0.0000630137
0.0000630137
0.0000630137
0.0000630137
0.0000630137
0.0000630137
0.0000630137
0.0000620870
0.0000620870
0.0000620870
0.0000620870
0.0000620870
0.0000620870
0.0000620870
0.0000620870
0.0000611603
0.0000611603
0.0000611603
0.0000611603
0.0000611603
0.0000611603
0.0000611603
0.0000611603
0.0000611603
0.0000611603
0.0000602337
0.0000602337
0.0000602337
0.0000602337
0.0000602337
0.0000593070
0.0000593070
0.0000593070
0.0000593070
0.0000593070
0.0000593070
0.0000593070
0.0000593070
0.0000583803
0.0000583803
0.0000583803
0.0000583803
0.0000574536
0.0000574536
0.0000574536
0.0000574536
0.0000574536
0.0000574536
0.0000574536
0.0000574536
0.0000574536
0.0000565270
0.0000565270
0.0000565270
0.0000565270
0.0000565270
0.0000556003
0.0000556003
0.0000556003
0.0000556003
0.0000556003
0.0000556003
0.0000556003
0.0000556003
0.0000556003
0.0000556003
0.0000556003
0.0000556003
0.0000556003
0.0000546736
0.0000546736
0.0000546736
0.0000546736
0.0000546736
0.0000546736
0.0000546736
0.0000546736
0.0000546736
0.0000546736
0.0000546736
0.0000537470
0.0000537470
0.0000537470
0.0000537470
0.0000537470
0.0000537470
0.0000537470
0.0000537470
0.0000537470
0.0000537470
0.0000528203
0.0000528203
0.0000528203
0.0000528203
0.0000528203
0.0000528203
0.0000528203
0.0000528203
0.0000528203
0.0000528203
0.0000518936
0.0000518936
0.0000518936
0.0000518936
0.0000518936
0.0000518936
0.0000518936
0.0000518936
0.0000518936
0.0000518936
0.0000518936
0.0000518936
0.0000518936
0.0000518936
0.0000518936
0.0000518936
0.0000509669
0.0000509669
0.0000509669
0.0000509669
0.0000509669
0.0000509669
0.0000509669
0.0000509669
0.0000509669
0.0000509669
0.0000509669
0.0000509669
0.0000509669
0.0000509669
0.0000509669
0.0000509669
0.0000500403
0.0000500403
0.0000500403
0.0000500403
0.0000500403
0.0000500403
0.0000500403
0.0000500403
0.0000500403
0.0000500403
0.0000500403
0.0000491136
0.0000491136
0.0000491136
0.0000491136
0.0000491136
0.0000491136
0.0000491136
0.0000491136
0.0000491136
0.0000491136
0.0000491136
0.0000491136
0.0000491136
0.0000491136
0.0000491136
0.0000481869
0.0000481869
0.0000481869
0.0000481869
0.0000481869
0.0000481869
0.0000481869
0.0000481869
0.0000481869
0.0000481869
0.0000472602
0.0000472602
0.0000472602
0.0000472602
0.0000472602
0.0000472602
0.0000472602
0.0000472602
0.0000472602
0.0000472602
0.0000463336
0.0000463336
0.0000463336
0.0000463336
0.0000463336
0.0000463336
0.0000463336
0.0000454069
0.0000454069
0.0000454069
0.0000454069
0.0000454069
0.0000454069
0.0000454069
0.0000454069
0.0000454069
0.0000454069
0.0000454069
0.0000444802
0.0000444802
0.0000444802
0.0000444802
0.0000444802
0.0000444802
0.0000444802
0.0000444802
0.0000444802
0.0000444802
0.0000444802
0.0000435536
0.0000435536
0.0000435536
0.0000435536
0.0000435536
0.0000435536
0.0000435536
0.0000435536
0.0000435536
0.0000435536
0.0000435536
0.0000435536
0.0000426269
0.0000426269
0.0000426269
0.0000426269
0.0000426269
0.0000426269
0.0000426269
0.0000426269
0.0000426269
0.0000426269
0.0000426269
0.0000426269
0.0000426269
0.0000426269
0.0000426269
0.0000426269
0.0000426269
0.0000417002
0.0000417002
0.0000417002
0.0000417002
0.0000417002
0.0000417002
0.0000417002
0.0000417002
0.0000417002
0.0000417002
0.0000417002
0.0000407735
0.0000407735
0.0000407735
0.0000407735
0.0000407735
0.0000407735
0.0000407735
0.0000407735
0.0000407735
0.0000407735
0.0000407735
0.0000407735
0.0000398469
0.0000398469
0.0000398469
0.0000398469
0.0000398469
0.0000398469
0.0000398469
0.0000398469
0.0000398469
0.0000398469
0.0000398469
0.0000398469
0.0000398469
0.0000398469
0.0000398469
0.0000398469
0.0000398469
0.0000389202
0.0000389202
0.0000389202
0.0000389202
0.0000389202
0.0000389202
0.0000389202
0.0000389202
0.0000389202
0.0000389202
0.0000379935
0.0000379935
0.0000379935
0.0000379935
0.0000379935
0.0000379935
0.0000379935
0.0000379935
0.0000379935
0.0000379935
0.0000379935
0.0000379935
0.0000370669
0.0000370669
0.0000370669
0.0000370669
0.0000370669
0.0000370669
0.0000370669
0.0000370669
0.0000370669
0.0000370669
0.0000370669
0.0000370669
0.0000370669
0.0000361402
0.0000361402
0.0000361402
0.0000361402
0.0000361402
0.0000361402
0.0000361402
0.0000361402
0.0000361402
0.0000361402
0.0000361402
0.0000361402
0.0000361402
0.0000361402
0.0000361402
0.0000352135
0.0000352135
0.0000352135
0.0000352135
0.0000352135
0.0000352135
0.0000352135
0.0000352135
0.0000352135
0.0000352135
0.0000352135
0.0000352135
0.0000352135
0.0000352135
0.0000352135
0.0000352135
0.0000352135
0.0000342868
0.0000342868
0.0000342868
0.0000342868
0.0000342868
0.0000342868
0.0000342868
0.0000342868
0.0000342868
0.0000342868
0.0000342868
0.0000342868
0.0000333602
0.0000333602
0.0000333602
0.0000333602
0.0000333602
0.0000333602
0.0000333602
0.0000333602
0.0000333602
0.0000333602
0.0000333602
0.0000333602
0.0000333602
0.0000333602
0.0000333602
0.0000333602
0.0000333602
0.0000333602
0.0000333602
0.0000333602
0.0000324335
0.0000324335
0.0000324335
0.0000324335
0.0000324335
0.0000324335
0.0000324335
0.0000324335
0.0000324335
0.0000324335
0.0000324335
0.0000324335
0.0000324335
0.0000324335
0.0000324335
0.0000324335
0.0000324335
0.0000324335
0.0000315068
0.0000315068
0.0000315068
0.0000315068
0.0000315068
0.0000315068
0.0000315068
0.0000315068
0.0000315068
0.0000315068
0.0000315068
0.0000315068
0.0000315068
0.0000315068
0.0000315068
0.0000315068
0.0000315068
0.0000315068
0.0000305802
0.0000305802
0.0000305802
0.0000305802
0.0000305802
0.0000305802
0.0000305802
0.0000305802
0.0000305802
0.0000305802
0.0000305802
0.0000305802
0.0000305802
0.0000296535
0.0000296535
0.0000296535
0.0000296535
0.0000296535
0.0000296535
0.0000296535
0.0000296535
0.0000296535
0.0000296535
0.0000296535
0.0000296535
0.0000296535
0.0000296535
0.0000296535
0.0000287268
0.0000287268
0.0000287268
0.0000287268
0.0000287268
0.0000287268
0.0000287268
0.0000287268
0.0000287268
0.0000287268
0.0000287268
0.0000287268
0.0000287268
0.0000287268
0.0000287268
0.0000287268
0.0000287268
0.0000287268
0.0000287268
0.0000287268
0.0000287268
0.0000287268
0.0000278001
0.0000278001
0.0000278001
0.0000278001
0.0000278001
0.0000278001
0.0000278001
0.0000278001
0.0000278001
0.0000278001
0.0000278001
0.0000278001
0.0000278001
0.0000278001
0.0000278001
0.0000278001
0.0000278001
0.0000278001
0.0000278001
0.0000278001
0.0000268735
0.0000268735
0.0000268735
0.0000268735
0.0000268735
0.0000268735
0.0000268735
0.0000268735
0.0000268735
0.0000268735
0.0000268735
0.0000268735
0.0000259468
0.0000259468
0.0000259468
0.0000259468
0.0000259468
0.0000259468
0.0000259468
0.0000259468
0.0000259468
0.0000259468
0.0000259468
0.0000259468
0.0000259468
0.0000259468
0.0000259468
0.0000259468
0.0000259468
0.0000259468
0.0000259468
0.0000259468
0.0000250201
0.0000250201
0.0000250201
0.0000250201
0.0000250201
0.0000250201
0.0000250201
0.0000250201
0.0000250201
0.0000250201
0.0000250201
0.0000250201
0.0000250201
0.0000250201
0.0000250201
0.0000250201
0.0000250201
0.0000250201
0.0000250201
0.0000250201
0.0000250201
0.0000250201
0.0000240935
0.0000240935
0.0000240935
0.0000240935
0.0000240935
0.0000240935
0.0000240935
0.0000240935
0.0000240935
0.0000240935
0.0000240935
0.0000240935
0.0000240935
0.0000240935
0.0000240935
0.0000240935
0.0000240935
0.0000240935
0.0000240935
0.0000240935
0.0000231668
0.0000231668
0.0000231668
0.0000231668
0.0000231668
0.0000231668
0.0000231668
0.0000231668
0.0000231668
0.0000231668
0.0000231668
0.0000231668
0.0000231668
0.0000231668
0.0000231668
0.0000231668
0.0000231668
0.0000231668
0.0000231668
0.0000231668
0.0000231668
0.0000231668
0.0000231668
0.0000231668
0.0000231668
0.0000222401
0.0000222401
0.0000222401
0.0000222401
0.0000222401
0.0000222401
0.0000222401
0.0000222401
0.0000222401
0.0000222401
0.0000222401
0.0000222401
0.0000222401
0.0000222401
0.0000222401
0.0000222401
0.0000213134
0.0000213134
0.0000213134
0.0000213134
0.0000213134
0.0000213134
0.0000213134
0.0000213134
0.0000213134
0.0000213134
0.0000213134
0.0000213134
0.0000213134
0.0000213134
0.0000213134
0.0000213134
0.0000213134
0.0000213134
0.0000213134
0.0000213134
0.0000213134
0.0000213134
0.0000213134
0.0000213134
0.0000203868
0.0000203868
0.0000203868
0.0000203868
0.0000203868
0.0000203868
0.0000203868
0.0000203868
0.0000203868
0.0000203868
0.0000203868
0.0000203868
0.0000203868
0.0000203868
0.0000203868
0.0000203868
0.0000203868
0.0000203868
0.0000203868
0.0000203868
0.0000203868
0.0000203868
0.0000203868
0.0000203868
0.0000203868
0.0000203868
0.0000203868
0.0000203868
0.0000203868
0.0000203868
0.0000203868
0.0000203868
0.0000194601
0.0000194601
0.0000194601
0.0000194601
0.0000194601
0.0000194601
0.0000194601
0.0000194601
0.0000194601
0.0000194601
0.0000194601
0.0000194601
0.0000194601
0.0000194601
0.0000194601
0.0000194601
0.0000194601
0.0000194601
0.0000194601
0.0000194601
0.0000194601
0.0000194601
0.0000194601
0.0000194601
0.0000194601
0.0000194601
0.0000194601
0.0000194601
0.0000194601
0.0000194601
0.0000194601
0.0000194601
0.0000194601
0.0000194601
0.0000194601
0.0000194601
0.0000194601
0.0000194601
0.0000185334
0.0000185334
0.0000185334
0.0000185334
0.0000185334
0.0000185334
0.0000185334
0.0000185334
0.0000185334
0.0000185334
0.0000185334
0.0000185334
0.0000185334
0.0000185334
0.0000185334
0.0000185334
0.0000185334
0.0000185334
0.0000185334
0.0000185334
0.0000185334
0.0000185334
0.0000185334
0.0000185334
0.0000185334
0.0000185334
0.0000185334
0.0000185334
0.0000185334
0.0000185334
0.0000185334
0.0000185334
0.0000185334
0.0000185334
0.0000185334
0.0000185334
0.0000185334
0.0000185334
0.0000185334
0.0000185334
0.0000185334
0.0000185334
0.0000185334
0.0000185334
0.0000185334
0.0000176068
0.0000176068
0.0000176068
0.0000176068
0.0000176068
0.0000176068
0.0000176068
0.0000176068
0.0000176068
0.0000176068
0.0000176068
0.0000176068
0.0000176068
0.0000176068
0.0000176068
0.0000176068
0.0000176068
0.0000176068
0.0000176068
0.0000176068
0.0000176068
0.0000176068
0.0000176068
0.0000176068
0.0000176068
0.0000176068
0.0000176068
0.0000176068
0.0000176068
0.0000176068
0.0000176068
0.0000176068
0.0000176068
0.0000166801
0.0000166801
0.0000166801
0.0000166801
0.0000166801
0.0000166801
0.0000166801
0.0000166801
0.0000166801
0.0000166801
0.0000166801
0.0000166801
0.0000166801
0.0000166801
0.0000166801
0.0000166801
0.0000166801
0.0000166801
0.0000166801
0.0000166801
0.0000166801
0.0000166801
0.0000166801
0.0000166801
0.0000166801
0.0000166801
0.0000166801
0.0000166801
0.0000166801
0.0000166801
0.0000166801
0.0000157534
0.0000157534
0.0000157534
0.0000157534
0.0000157534
0.0000157534
0.0000157534
0.0000157534
0.0000157534
0.0000157534
0.0000157534
0.0000157534
0.0000157534
0.0000157534
0.0000157534
0.0000157534
0.0000157534
0.0000157534
0.0000157534
0.0000157534
0.0000157534
0.0000157534
0.0000157534
0.0000157534
0.0000157534
0.0000157534
0.0000157534
0.0000157534
0.0000157534
0.0000157534
0.0000157534
0.0000157534
0.0000148267
0.0000148267
0.0000148267
0.0000148267
0.0000148267
0.0000148267
0.0000148267
0.0000148267
0.0000148267
0.0000148267
0.0000148267
0.0000148267
0.0000148267
0.0000148267
0.0000148267
0.0000148267
0.0000148267
0.0000148267
0.0000148267
0.0000148267
0.0000148267
0.0000148267
0.0000148267
0.0000148267
0.0000148267
0.0000148267
0.0000139001
0.0000139001
0.0000139001
0.0000139001
0.0000139001
0.0000139001
0.0000139001
0.0000139001
0.0000139001
0.0000139001
0.0000139001
0.0000139001
0.0000139001
0.0000139001
0.0000139001
0.0000139001
0.0000139001
0.0000139001
0.0000139001
0.0000139001
0.0000139001
0.0000139001
0.0000139001
0.0000139001
0.0000139001
0.0000139001
0.0000139001
0.0000129734
0.0000129734
0.0000129734
0.0000129734
0.0000129734
0.0000129734
0.0000129734
0.0000129734
0.0000129734
0.0000129734
0.0000129734
0.0000129734
0.0000129734
0.0000129734
0.0000129734
0.0000129734
0.0000129734
0.0000129734
0.0000129734
0.0000129734
0.0000129734
0.0000129734
0.0000129734
0.0000129734
0.0000129734
0.0000129734
0.0000129734
0.0000129734
0.0000129734
0.0000129734
0.0000129734
0.0000129734
0.0000129734
0.0000129734
0.0000129734
0.0000129734
0.0000129734
0.0000129734
0.0000129734
0.0000129734
0.0000129734
0.0000129734
0.0000129734
0.0000129734
0.0000129734
0.0000129734
0.0000129734
0.0000129734
0.0000129734
0.0000129734
0.0000129734
0.0000120467
0.0000120467
0.0000120467
0.0000120467
0.0000120467
0.0000120467
0.0000120467
0.0000120467
0.0000120467
0.0000120467
0.0000120467
0.0000120467
0.0000120467
0.0000120467
0.0000120467
0.0000120467
0.0000120467
0.0000120467
0.0000120467
0.0000120467
0.0000120467
0.0000120467
0.0000120467
0.0000120467
0.0000120467
0.0000120467
0.0000120467
0.0000120467
0.0000120467
0.0000120467
0.0000120467
0.0000120467
0.0000120467
0.0000120467
0.0000120467
0.0000120467
0.0000120467
0.0000120467
0.0000120467
0.0000120467
0.0000120467
0.0000120467
0.0000120467
0.0000120467
0.0000120467
0.0000120467
0.0000120467
0.0000120467
0.0000120467
0.0000120467
0.0000120467
0.0000120467
0.0000120467
0.0000120467
0.0000120467
0.0000111201
0.0000111201
0.0000111201
0.0000111201
0.0000111201
0.0000111201
0.0000111201
0.0000111201
0.0000111201
0.0000111201
0.0000111201
0.0000111201
0.0000111201
0.0000111201
0.0000111201
0.0000111201
0.0000111201
0.0000111201
0.0000111201
0.0000111201
0.0000111201
0.0000111201
0.0000111201
0.0000111201
0.0000111201
0.0000111201
0.0000111201
0.0000111201
0.0000111201
0.0000111201
0.0000111201
0.0000111201
0.0000111201
0.0000111201
0.0000111201
0.0000111201
0.0000111201
0.0000111201
0.0000111201
0.0000111201
0.0000111201
0.0000111201
0.0000111201
0.0000111201
0.0000111201
0.0000111201
0.0000101934
0.0000101934
0.0000101934
0.0000101934
0.0000101934
0.0000101934
0.0000101934
0.0000101934
0.0000101934
0.0000101934
0.0000101934
0.0000101934
0.0000101934
0.0000101934
0.0000101934
0.0000101934
0.0000101934
0.0000101934
0.0000101934
0.0000101934
0.0000101934
0.0000101934
0.0000101934
0.0000101934
0.0000101934
0.0000101934
0.0000101934
0.0000101934
0.0000101934
0.0000101934
0.0000101934
0.0000101934
0.0000101934
0.0000101934
0.0000101934
0.0000101934
0.0000101934
0.0000101934
0.0000101934
0.0000101934
0.0000101934
0.0000101934
0.0000101934
0.0000101934
0.0000101934
0.0000101934
0.0000101934
0.0000101934
0.0000101934
0.0000101934
0.0000092667
0.0000092667
0.0000092667
0.0000092667
0.0000092667
0.0000092667
0.0000092667
0.0000092667
0.0000092667
0.0000092667
0.0000092667
0.0000092667
0.0000092667
0.0000092667
0.0000092667
0.0000092667
0.0000092667
0.0000092667
0.0000092667
0.0000092667
0.0000092667
0.0000092667
0.0000092667
0.0000092667
0.0000092667
0.0000092667
0.0000092667
0.0000092667
0.0000092667
0.0000092667
0.0000092667
0.0000092667
0.0000092667
0.0000092667
0.0000092667
0.0000092667
0.0000092667
0.0000092667
0.0000092667
0.0000092667
0.0000092667
0.0000092667
0.0000092667
0.0000092667
0.0000092667
0.0000092667
0.0000092667
0.0000092667
0.0000092667
0.0000092667
0.0000092667
0.0000092667
0.0000092667
0.0000092667
0.0000092667
0.0000092667
0.0000092667
0.0000092667
0.0000083400
0.0000083400
0.0000083400
0.0000083400
0.0000083400
0.0000083400
0.0000083400
0.0000083400
0.0000083400
0.0000083400
0.0000083400
0.0000083400
0.0000083400
0.0000083400
0.0000083400
0.0000083400
0.0000083400
0.0000083400
0.0000083400
0.0000083400
0.0000083400
0.0000083400
0.0000083400
0.0000083400
0.0000083400
0.0000083400
0.0000083400
0.0000083400
0.0000083400
0.0000083400
0.0000083400
0.0000083400
0.0000083400
0.0000083400
0.0000083400
0.0000083400
0.0000083400
0.0000083400
0.0000083400
0.0000083400
0.0000083400
0.0000083400
0.0000083400
0.0000083400
0.0000083400
0.0000083400
0.0000083400
0.0000083400
0.0000083400
0.0000083400
0.0000083400
0.0000083400
0.0000083400
0.0000083400
0.0000083400
0.0000083400
0.0000083400
0.0000083400
0.0000083400
0.0000083400
0.0000083400
0.0000083400
0.0000083400
0.0000083400
0.0000083400
0.0000083400
0.0000074134
0.0000074134
0.0000074134
0.0000074134
0.0000074134
0.0000074134
0.0000074134
0.0000074134
0.0000074134
0.0000074134
0.0000074134
0.0000074134
0.0000074134
0.0000074134
0.0000074134
0.0000074134
0.0000074134
0.0000074134
0.0000074134
0.0000074134
0.0000074134
0.0000074134
0.0000074134
0.0000074134
0.0000074134
0.0000074134
0.0000074134
0.0000074134
0.0000074134
0.0000074134
0.0000074134
0.0000074134
0.0000074134
0.0000074134
0.0000074134
0.0000074134
0.0000074134
0.0000074134
0.0000074134
0.0000074134
0.0000074134
0.0000074134
0.0000074134
0.0000074134
0.0000074134
0.0000074134
0.0000074134
0.0000074134
0.0000074134
0.0000074134
0.0000074134
0.0000074134
0.0000074134
0.0000074134
0.0000074134
0.0000074134
0.0000074134
0.0000074134
0.0000074134
0.0000074134
0.0000074134
0.0000074134
0.0000074134
0.0000074134
0.0000074134
0.0000064867
0.0000064867
0.0000064867
0.0000064867
0.0000064867
0.0000064867
0.0000064867
0.0000064867
0.0000064867
0.0000064867
0.0000064867
0.0000064867
0.0000064867
0.0000064867
0.0000064867
0.0000064867
0.0000064867
0.0000064867
0.0000064867
0.0000064867
0.0000064867
0.0000064867
0.0000064867
0.0000064867
0.0000064867
0.0000064867
0.0000064867
0.0000064867
0.0000064867
0.0000064867
0.0000064867
0.0000064867
0.0000064867
0.0000064867
0.0000064867
0.0000064867
0.0000064867
0.0000064867
0.0000064867
0.0000064867
0.0000064867
0.0000064867
0.0000064867
0.0000064867
0.0000064867
0.0000064867
0.0000064867
0.0000064867
0.0000064867
0.0000064867
0.0000064867
0.0000064867
0.0000064867
0.0000064867
0.0000064867
0.0000064867
0.0000064867
0.0000064867
0.0000064867
0.0000064867
0.0000064867
0.0000064867
0.0000064867
0.0000064867
0.0000064867
0.0000064867
0.0000064867
0.0000064867
0.0000064867
0.0000064867
0.0000064867
0.0000064867
0.0000064867
0.0000064867
0.0000055600
0.0000055600
0.0000055600
0.0000055600
0.0000055600
0.0000055600
0.0000055600
0.0000055600
0.0000055600
0.0000055600
0.0000055600
0.0000055600
0.0000055600
0.0000055600
0.0000055600
0.0000055600
0.0000055600
0.0000055600
0.0000055600
0.0000055600
0.0000055600
0.0000055600
0.0000055600
0.0000055600
0.0000055600
0.0000055600
0.0000055600
0.0000055600
0.0000055600
0.0000055600
0.0000055600
0.0000055600
0.0000055600
0.0000055600
0.0000055600
0.0000055600
0.0000055600
0.0000055600
0.0000055600
0.0000055600
0.0000055600
0.0000055600
0.0000055600
0.0000055600
0.0000055600
0.0000055600
0.0000055600
0.0000055600
0.0000055600
0.0000055600
0.0000055600
0.0000055600
0.0000055600
0.0000055600
0.0000055600
0.0000055600
0.0000055600
0.0000055600
0.0000055600
0.0000055600
0.0000055600
0.0000055600
0.0000055600
0.0000055600
0.0000055600
0.0000055600
0.0000055600
0.0000055600
0.0000055600
0.0000055600
0.0000055600
0.0000055600
0.0000055600
0.0000055600
0.0000055600
0.0000055600
0.0000055600
0.0000055600
0.0000055600
0.0000055600
0.0000055600
0.0000055600
0.0000055600
0.0000055600
0.0000055600
0.0000055600
0.0000055600
0.0000055600
0.0000046334
0.0000046334
0.0000046334
0.0000046334
0.0000046334
0.0000046334
0.0000046334
0.0000046334
0.0000046334
0.0000046334
0.0000046334
0.0000046334
0.0000046334
0.0000046334
0.0000046334
0.0000046334
0.0000046334
0.0000046334
0.0000046334
0.0000046334
0.0000046334
0.0000046334
0.0000046334
0.0000046334
0.0000046334
0.0000046334
0.0000046334
0.0000046334
0.0000046334
0.0000046334
0.0000046334
0.0000046334
0.0000046334
0.0000046334
0.0000046334
0.0000046334
0.0000046334
0.0000046334
0.0000046334
0.0000046334
0.0000046334
0.0000046334
0.0000046334
0.0000046334
0.0000046334
0.0000046334
0.0000046334
0.0000046334
0.0000046334
0.0000046334
0.0000046334
0.0000046334
0.0000046334
0.0000046334
0.0000046334
0.0000046334
0.0000046334
0.0000046334
0.0000046334
0.0000046334
0.0000046334
0.0000046334
0.0000046334
0.0000046334
0.0000046334
0.0000046334
0.0000046334
0.0000046334
0.0000046334
0.0000046334
0.0000046334
0.0000046334
0.0000046334
0.0000046334
0.0000046334
0.0000046334
0.0000046334
0.0000046334
0.0000046334
0.0000046334
0.0000046334
0.0000046334
0.0000046334
0.0000046334
0.0000046334
0.0000046334
0.0000046334
0.0000046334
0.0000046334
0.0000046334
0.0000046334
0.0000046334
0.0000046334
0.0000046334
0.0000046334
0.0000046334
0.0000037067
0.0000037067
0.0000037067
0.0000037067
0.0000037067
0.0000037067
0.0000037067
0.0000037067
0.0000037067
0.0000037067
0.0000037067
0.0000037067
0.0000037067
0.0000037067
0.0000037067
0.0000037067
0.0000037067
0.0000037067
0.0000037067
0.0000037067
0.0000037067
0.0000037067
0.0000037067
0.0000037067
0.0000037067
0.0000037067
0.0000037067
0.0000037067
0.0000037067
0.0000037067
0.0000037067
0.0000037067
0.0000037067
0.0000037067
0.0000037067
0.0000037067
0.0000037067
0.0000037067
0.0000037067
0.0000037067
0.0000037067
0.0000037067
0.0000037067
0.0000037067
0.0000037067
0.0000037067
0.0000037067
0.0000037067
0.0000037067
0.0000037067
0.0000037067
0.0000037067
0.0000037067
0.0000037067
0.0000037067
0.0000037067
0.0000037067
0.0000037067
0.0000037067
0.0000037067
0.0000037067
0.0000037067
0.0000037067
0.0000037067
0.0000037067
0.0000037067
0.0000037067
0.0000037067
0.0000037067
0.0000037067
0.0000037067
0.0000037067
0.0000037067
0.0000037067
0.0000037067
0.0000037067
0.0000037067
0.0000037067
0.0000037067
0.0000037067
0.0000037067
0.0000037067
0.0000037067
0.0000037067
0.0000037067
0.0000037067
0.0000037067
0.0000037067
0.0000037067
0.0000037067
0.0000037067
0.0000037067
0.0000037067
0.0000037067
0.0000037067
0.0000037067
0.0000037067
0.0000037067
0.0000037067
0.0000037067
0.0000037067
0.0000037067
0.0000037067
0.0000037067
0.0000037067
0.0000037067
0.0000037067
0.0000037067
0.0000037067
0.0000037067
0.0000037067
0.0000037067
0.0000037067
0.0000037067
0.0000037067
0.0000037067
0.0000037067
0.0000037067
0.0000037067
0.0000037067
0.0000037067
0.0000037067
0.0000037067
0.0000037067
0.0000037067
0.0000037067
0.0000037067
0.0000037067
0.0000037067
0.0000027800
0.0000027800
0.0000027800
0.0000027800
0.0000027800
0.0000027800
0.0000027800
0.0000027800
0.0000027800
0.0000027800
0.0000027800
0.0000027800
0.0000027800
0.0000027800
0.0000027800
0.0000027800
0.0000027800
0.0000027800
0.0000027800
0.0000027800
0.0000027800
0.0000027800
0.0000027800
0.0000027800
0.0000027800
0.0000027800
0.0000027800
0.0000027800
0.0000027800
0.0000027800
0.0000027800
0.0000027800
0.0000027800
0.0000027800
0.0000027800
0.0000027800
0.0000027800
0.0000027800
0.0000027800
0.0000027800
0.0000027800
0.0000027800
0.0000027800
0.0000027800
0.0000027800
0.0000027800
0.0000027800
0.0000027800
0.0000027800
0.0000027800
0.0000027800
0.0000027800
0.0000027800
0.0000027800
0.0000027800
0.0000027800
0.0000027800
0.0000027800
0.0000027800
0.0000027800
0.0000027800
0.0000027800
0.0000027800
0.0000027800
0.0000027800
0.0000027800
0.0000027800
0.0000027800
0.0000027800
0.0000027800
0.0000027800
0.0000027800
0.0000027800
0.0000027800
0.0000027800
0.0000027800
0.0000027800
0.0000027800
0.0000027800
0.0000027800
0.0000027800
0.0000027800
0.0000027800
0.0000027800
0.0000027800
0.0000027800
0.0000027800
0.0000027800
0.0000027800
0.0000027800
0.0000027800
0.0000027800
0.0000027800
0.0000027800
0.0000027800
0.0000027800
0.0000027800
0.0000027800
0.0000027800
0.0000027800
0.0000027800
0.0000027800
0.0000027800
0.0000027800
0.0000027800
0.0000027800
0.0000027800
0.0000027800
0.0000027800
0.0000027800
0.0000027800
0.0000027800
0.0000027800
0.0000027800
0.0000027800
0.0000027800
0.0000027800
0.0000027800
0.0000027800
0.0000027800
0.0000027800
0.0000027800
0.0000027800
0.0000027800
0.0000027800
0.0000027800
0.0000027800
0.0000027800
0.0000027800
0.0000027800
0.0000027800
0.0000027800
0.0000027800
0.0000027800
0.0000027800
0.0000027800
0.0000027800
0.0000027800
0.0000027800
0.0000027800
0.0000027800
0.0000027800
0.0000027800
0.0000027800
0.0000027800
0.0000027800
0.0000027800
0.0000027800
0.0000027800
0.0000027800
0.0000027800
0.0000027800
0.0000027800
0.0000027800
0.0000027800
0.0000027800
0.0000018533
0.0000018533
0.0000018533
0.0000018533
0.0000018533
0.0000018533
0.0000018533
0.0000018533
0.0000018533
0.0000018533
0.0000018533
0.0000018533
0.0000018533
0.0000018533
0.0000018533
0.0000018533
0.0000018533
0.0000018533
0.0000018533
0.0000018533
0.0000018533
0.0000018533
0.0000018533
0.0000018533
0.0000018533
0.0000018533
0.0000018533
0.0000018533
0.0000018533
0.0000018533
0.0000018533
0.0000018533
0.0000018533
0.0000018533
0.0000018533
0.0000018533
0.0000018533
0.0000018533
0.0000018533
0.0000018533
0.0000018533
0.0000018533
0.0000018533
0.0000018533
0.0000018533
0.0000018533
0.0000018533
0.0000018533
0.0000018533
0.0000018533
0.0000018533
0.0000018533
0.0000018533
0.0000018533
0.0000018533
0.0000018533
0.0000018533
0.0000018533
0.0000018533
0.0000018533
0.0000018533
0.0000018533
0.0000018533
0.0000018533
0.0000018533
0.0000018533
0.0000018533
0.0000018533
0.0000018533
0.0000018533
0.0000018533
0.0000018533
0.0000018533
0.0000018533
0.0000018533
0.0000018533
0.0000018533
0.0000018533
0.0000018533
0.0000018533
0.0000018533
0.0000018533
0.0000018533
0.0000018533
0.0000018533
0.0000018533
0.0000018533
0.0000018533
0.0000018533
0.0000018533
0.0000018533
0.0000018533
0.0000018533
0.0000018533
0.0000018533
0.0000018533
0.0000018533
0.0000018533
0.0000018533
0.0000018533
0.0000018533
0.0000018533
0.0000018533
0.0000018533
0.0000018533
0.0000018533
0.0000018533
0.0000018533
0.0000018533
0.0000018533
0.0000018533
0.0000018533
0.0000018533
0.0000018533
0.0000018533
0.0000018533
0.0000018533
0.0000018533
0.0000018533
0.0000018533
0.0000018533
0.0000018533
0.0000018533
0.0000018533
0.0000018533
0.0000018533
0.0000018533
0.0000018533
0.0000018533
0.0000018533
0.0000018533
0.0000018533
0.0000018533
0.0000018533
0.0000018533
0.0000018533
0.0000018533
0.0000018533
0.0000018533
0.0000018533
0.0000018533
0.0000018533
0.0000018533
0.0000018533
0.0000018533
0.0000018533
0.0000018533
0.0000018533
0.0000018533
0.0000018533
0.0000018533
0.0000018533
0.0000018533
0.0000018533
0.0000018533
0.0000018533
0.0000018533
0.0000018533
0.0000018533
0.0000018533
0.0000018533
0.0000018533
0.0000018533
0.0000018533
0.0000018533
0.0000018533
0.0000018533
0.0000018533
0.0000018533
0.0000018533
0.0000018533
0.0000018533
0.0000018533
0.0000009267
0.0000009267
0.0000009267
0.0000009267
0.0000009267
0.0000009267
0.0000009267
0.0000009267
0.0000009267
0.0000009267
0.0000009267
0.0000009267
0.0000009267
0.0000009267
0.0000009267
0.0000009267
0.0000009267
0.0000009267
0.0000009267
0.0000009267
0.0000009267
0.0000009267
0.0000009267
0.0000009267
0.0000009267
0.0000009267
0.0000009267
0.0000009267
0.0000009267
0.0000009267
0.0000009267
0.0000009267
0.0000009267
0.0000009267
0.0000009267
0.0000009267
0.0000009267
0.0000009267
0.0000009267
0.0000009267
0.0000009267
0.0000009267
0.0000009267
0.0000009267
0.0000009267
0.0000009267
0.0000009267
0.0000009267
0.0000009267
0.0000009267
0.0000009267
0.0000009267
0.0000009267
0.0000009267
0.0000009267
0.0000009267
0.0000009267
0.0000009267
0.0000009267
0.0000009267
0.0000009267
0.0000009267
0.0000009267
0.0000009267
0.0000009267
0.0000009267
0.0000009267
0.0000009267
0.0000009267
0.0000009267
0.0000009267
0.0000009267
0.0000009267
0.0000009267
0.0000009267
0.0000009267
0.0000009267
0.0000009267
0.0000009267
0.0000009267
0.0000009267
0.0000009267
0.0000009267
0.0000009267
0.0000009267
0.0000009267
0.0000009267
0.0000009267
0.0000009267
0.0000009267
0.0000009267
0.0000009267
0.0000009267
0.0000009267
0.0000009267
0.0000009267
0.0000009267
0.0000009267
0.0000009267
0.0000009267
0.0000009267
0.0000009267
0.0000009267
0.0000009267
0.0000009267
0.0000009267
0.0000009267
0.0000009267
0.0000009267
0.0000009267
0.0000009267
0.0000009267
0.0000009267
0.0000009267
0.0000009267
0.0000009267
0.0000009267
0.0000009267
0.0000009267
0.0000009267
0.0000009267
0.0000009267
0.0000009267
0.0000009267
0.0000009267
0.0000009267
0.0000009267
0.0000009267
0.0000009267
0.0000009267
0.0000009267
0.0000009267
0.0000009267
0.0000009267
0.0000009267
0.0000009267
0.0000009267
0.0000009267
0.0000009267
0.0000009267
0.0000009267
0.0000009267
0.0000009267
0.0000009267
0.0000009267
0.0000009267
0.0000009267
0.0000009267
0.0000009267
0.0000009267
0.0000009267
0.0000009267
0.0000009267
0.0000009267
0.0000009267
0.0000009267
0.0000009267
0.0000009267
0.0000009267
0.0000009267
0.0000009267
0.0000009267
0.0000009267
0.0000009267
0.0000009267
0.0000009267
0.0000009267
0.0000009267
0.0000009267
0.0000009267
0.0000009267
0.0000009267
0.0000009267
0.0000009267
0.0000009267
0.0000009267
0.0000009267
0.0000009267
0.0000009267
0.0000009267
0.0000009267
0.0000009267
0.0000009267
0.0000009267
0.0000009267
0.0000009267
0.0000009267
0.0000009267
0.0000009267
0.0000009267
0.0000009267
0.0000009267
0.0000009267
0.0000009267
0.0000009267
0.0000009267
0.0000009267
0.0000009267
0.0000009267
0.0000009267
0.0000009267
0.0000009267
0.0000009267
0.0000009267
0.0000009267
0.0000009267
0.0000009267
0.0000009267
0.0000009267
0.0000009267
0.0000009267
0.0000009267
0.0000009267
0.0000009267
0.0000009267
0.0000009267
0.0000009267
0.0000009267
0.0000009267
0.0000009267
0.0000009267
0.0000009267
0.0000009267
0.0000009267
0.0000009267
0.0000009267
0.0000009267
0.0000009267
0.0000009267
0.0000009267
0.0000009267
0.0000009267
0.0000009267
0.0000009267
0.0000009267
0.0000009267
0.0000009267
0.0000009267
0.0000009267
0.0000009267
0.0000009267
0.0000009267
0.0000009267
0.0000009267
0.0000009267
0.0000009267
0.0000009267
0.0000009267
0.0000009267
0.0000009267
0.0000009267
0.0000009267
0.0000009267
0.0000009267
0.0000009267
0.0000009267
0.0000009267
0.0000009267
0.0000009267
0.0000009267
0.0000009267
0.0000009267
0.0000009267
0.0000009267
0.0000009267
0.0000009267
0.0000009267
0.0000009267
0.0000009267
0.0000009267
0.0000009267
0.0000009267
0.0000009267
0.0000009267
0.0000009267
0.0000009267
0.0000009267
0.0000009267
0.0000009267
0.0000009267
0.0000009267
0.0000009267
0.0000009267
0.0000009267
0.0000009267
0.0000009267
0.0000009267
0.0000009267
0.0000009267
0.0000009267
0.0000009267
0.0000009267
0.0000009267
0.0000009267
0.0000000900
0.0000000900
0.0000000900
0.0000000900
0.0000000900
0.0000000900
0.0000000900
0.0000000900
0.0000000900
0.0000000900
0.0000000900
0.0000000900
0.0000000900
0.0000000900
0.0000000900
0.0000000900
0.0000000900
0.0000000900
0.0000000900
0.0000000900
0.0000000900
0.0000000900
0.0000000900
0.0000000900
0.0000000900
0.0000000900
0.0000000900
0.0000000900
0.0000000900
0.0000000900
0.0000000900
0.0000000900
0.0000000900
0.0000000900
0.0000000900
0.0000000900
0.0000000900
0.0000000900
0.0000000900
0.0000000900
0.0000000900
0.0000000900
0.0000000900
0.0000000900
0.0000000900
0.0000000900
0.0000000900
0.0000000900
0.0000000900
0.0000000900
0.0000000900
0.0000000900
0.0000000900
0.0000000900
0.0000000900
0.0000000900
0.0000000900
0.0000000900
0.0000000900
0.0000000900
0.0000000900
0.0000000900
0.0000000900
0.0000000900
0.0000000900
0.0000000900
0.0000000900
0.0000000900
0.0000000900
0.0000000900
0.0000000900
0.0000000900
0.0000000900
0.0000000900
0.0000000900
0.0000000900
0.0000000900
0.0000000900
0.0000000900
0.0000000900
0.0000000900
0.0000000900
0.0000000900
0.0000000900
0.0000000900
0.0000000900
0.0000000900
0.0000000900
0.0000000900
0.0000000900
0.0000000900
0.0000000900
0.0000000900
0.0000000900
0.0000000900
0.0000000900
0.0000000900
0.0000000900
0.0000000900
0.0000000900
0.0000000900
0.0000000900
0.0000000900
0.0000000900
0.0000000900
0.0000000900
0.0000000900
0.0000000900
0.0000000900
0.0000000900
0.0000000900
0.0000000900
0.0000000900
0.0000000900
0.0000000900
0.0000000900
0.0000000900
0.0000000900
0.0000000900
0.0000000900
0.0000000900
0.0000000900
0.0000000900
0.0000000900
0.0000000900
0.0000000900
0.0000000900
0.0000000900
0.0000000900
0.0000000900
0.0000000900
0.0000000900
0.0000000900
0.0000000900
0.0000000900
0.0000000900
0.0000000900
0.0000000900
0.0000000900
0.0000000900
0.0000000900
0.0000000900
0.0000000900
0.0000000900
0.0000000900
0.0000000900
0.0000000900
0.0000000900
0.0000000900
0.0000000900
0.0000000900
0.0000000900
0.0000000900
0.0000000900
0.0000000900
0.0000000900
0.0000000900
0.0000000900
0.0000000900
0.0000000900
0.0000000900
0.0000000900
0.0000000900
0.0000000900
0.0000000900
0.0000000900
0.0000000900
0.0000000900
0.0000000900
0.0000000900
0.0000000900
0.0000000900
0.0000000900
0.0000000900
0.0000000900
0.0000000900
0.0000000900
0.0000000900
0.0000000900
0.0000000900
0.0000000900
0.0000000900
0.0000000900
0.0000000900
0.0000000900
0.0000000900
0.0000000900
0.0000000900
0.0000000900
0.0000000900
0.0000000900
0.0000000900
0.0000000900
0.0000000900
0.0000000900
0.0000000900
0.0000000900
0.0000000900
0.0000000900
0.0000000900
0.0000000900
0.0000000900
0.0000000900
0.0000000900
0.0000000900
0.0000000900
0.0000000900
0.0000000900
0.0000000900
0.0000000900
0.0000000900
0.0000000900
0.0000000900
0.0000000900
0.0000000900
0.0000000900
0.0000000900
0.0000000900
0.0000000900
0.0000000900
0.0000000900
0.0000000900
0.0000000900
0.0000000900
0.0000000900
0.0000000900
0.0000000900
0.0000000900
0.0000000900
0.0000000900
0.0000000900
0.0000000900
0.0000000900
0.0000000900
0.0000000900
0.0000000900
0.0000000900
0.0000000900
0.0000000900
0.0000000900
0.0000000900
0.0000000900
0.0000000900
0.0000000900
0.0000000900
0.0000000900
0.0000000900
0.0000000900
0.0000000900
0.0000000900
0.0000000900
0.0000000900
0.0000000900
0.0000000900
0.0000000900
0.0000000900
0.0000000900
0.0000000900
0.0000000900
0.0000000900
0.0000000900
0.0000000900
0.0000000900
0.0000000900
0.0000000900
0.0000000900
0.0000000900
0.0000000900
0.0000000900
0.0000000900
0.0000000900
0.0000000900
0.0000000900
0.0000000900
0.0000000900
0.0000000900
0.0000000900
0.0000000900
0.0000000900
0.0000000900
0.0000000900
0.0000000900
0.0000000900
0.0000000900
0.0000000900
0.0000000900
0.0000000900
0.0000000900
0.0000000900
0.0000000900
0.0000000900
0.0000000900
0.0000000900
0.0000000900
0.0000000900
0.0000000900
0.0000000900
0.0000000900
0.0000000900
0.0000000900
0.0000000900
0.0000000900
0.0000000900
0.0000000900
0.0000000900
0.0000000900
0.0000000900
0.0000000900
0.0000000900
0.0000000900
0.0000000900
0.0000000900
0.0000000900
0.0000000900
0.0000000900
0.0000000900
0.0000000900
0.0000000900
0.0000000900
0.0000000900
0.0000000900
0.0000000900
0.0000000900
0.0000000900
0.0000000900
0.0000000900
0.0000000900
0.0000000900
0.0000000900
0.0000000900
0.0000000900
0.0000000900
0.0000000900
0.0000000900
0.0000000900
0.0000000900
0.0000000900
0.0000000900
0.0000000900
0.0000000900
0.0000000900
0.0000000900
0.0000000900
0.0000000900
0.0000000900
0.0000000900
0.0000000900
0.0000000900
0.0000000900
0.0000000900
0.0000000900
0.0000000900
0.0000000900
0.0000000900
0.0000000900
0.0000000900
0.0000000900
0.0000000900
0.0000000900
0.0000000900
0.0000000900
0.0000000900
0.0000000900
0.0000000900
0.0000000900
0.0000000900
0.0000000900
0.0000000900
0.0000000900
0.0000000900
0.0000000900
0.0000000900
0.0000000900
0.0000000900
0.0000000900
0.0000000900
0.0000000900
0.0000000900
0.0000000900
0.0000000900
0.0000000900
0.0000000900
0.0000000900
0.0000000900
0.0000000900
0.0000000900
0.0000000900
0.0000000900
0.0000000900
0.0000000900
0.0000000900
0.0000000900
0.0000000900
0.0000000900
0.0000000900
0.0000000900
0.0000000900
0.0000000900
0.0000000900
0.0000000900
0.0000000900
0.0000000900
0.0000000900
0.0000000900
0.0000000900
0.0000000900
0.0000000900
0.0000000900
0.0000000900
0.0000000900
0.0000000900
0.0000000900
0.0000000900
0.0000000900
0.0000000900
0.0000000900
0.0000000900
0.0000000900
0.0000000900
0.0000000900
0.0000000900
0.0000000900
0.0000000900
0.0000000900
0.0000000900
0.0000000900
0.0000000900
0.0000000900
0.0000000900
0.0000000900
0.0000000900
0.0000000900
0.0000000900
0.0000000900
0.0000000900
0.0000000900
0.0000000900
0.0000000900
0.0000000900
0.0000000900
0.0000000900
0.0000000900
0.0000000900
0.0000000900
0.0000000900
0.0000000900
0.0000000900
0.0000000900
0.0000000900
0.0000000900
0.0000000900
0.0000000900
0.0000000900
0.0000000900
0.0000000900
0.0000000900
0.0000000900
0.0000000900
0.0000000900
0.0000000900
0.0000000900
0.0000000900
0.0000000900
0.0000000900
0.0000000900
0.0000000900
0.0000000900
0.0000000900
0.0000000900
0.0000000900
0.0000000900
0.0000000900
0.0000000900
0.0000000900
0.0000000900
0.0000000900
0.0000000900
0.0000000900
0.0000000900
0.0000000900
0.0000000900
0.0000000900
0.0000000900
0.0000000900
0.0000000900
0.0000000900
0.0000000900
0.0000000900
0.0000000900
0.0000000900
0.0000000900
0.0000000900
0.0000000900
0.0000000900
0.0000000900
0.0000000900
0.0000000900
0.0000000900
0.0000000900
0.0000000900
0.0000000900
0.0000000900
0.0000000900
0.0000000900
0.0000000900
0.0000000900
0.0000000900
0.0000000900
0.0000000900
0.0000000900
0.0000000900
0.0000000900
0.0000000900
0.0000000900
0.0000000900
0.0000000900
0.0000000900
0.0000000900
0.0000000900
0.0000000900
0.0000000900
0.0000000900
0.0000000900
0.0000000900
0.0000000900
0.0000000900
0.0000000900
0.0000000900
0.0000000900
0.0000000900
0.0000000900
0.0000000900
0.0000000900
0.0000000900
0.0000000900
0.0000000900
0.0000000900
0.0000000900
0.0000000900
0.0000000900
0.0000000900
0.0000000900
0.0000000900
0.0000000900
0.0000000900
0.0000000900
0.0000000900
0.0000000900
0.0000000900
0.0000000900
0.0000000900
0.0000000900
0.0000000900
0.0000000900
0.0000000900
0.0000000900
0.0000000900
0.0000000900
0.0000000900
0.0000000900
0.0000000900
0.0000000900
0.0000000900
0.0000000900
0.0000000900
0.0000000900
0.0000000900
0.0000000900
0.0000000900
0.0000000900
0.0000000900
0.0000000900
0.0000000900
0.0000000900
0.0000000900
0.0000000900
0.0000000900
0.0000000900
0.0000000900
0.0000000900
0.0000000900
0.0000000900
0.0000000900
0.0000000900
0.0000000900
0.0000000900
0.0000000900
0.0000000900
0.0000000900
0.0000000900
0.0000000900
0.0000000900
0.0000000900
0.0000000900
0.0000000900
0.0000000900
0.0000000900
0.0000000900
0.0000000900
0.0000000900
0.0000000900
0.0000000900
0.0000000900
0.0000000900
0.0000000900
0.0000000900
0.0000000900
0.0000000900
0.0000000900
0.0000000900
0.0000000900
0.0000000900
0.0000000900
0.0000000900
0.0000000900
0.0000000900
0.0000000900
0.0000000900
0.0000000900
0.0000000900
0.0000000900
0.0000000900
0.0000000900
0.0000000900
0.0000000900
0.0000000900
0.0000000900
0.0000000900
0.0000000900
0.0000000900
0.0000000900
0.0000000900
0.0000000900
0.0000000900
0.0000000900
0.0000000900
0.0000000900
0.0000000900
0.0000000900
0.0000000900
0.0000000900
0.0000000900
0.0000000900
0.0000000900
0.0000000900
0.0000000900
0.0000000900
0.0000000900
0.0000000900
0.0000000900
0.0000000900
0.0000000900
0.0000000900
0.0000000900
0.0000000900
0.0000000900
0.0000000900
0.0000000900
0.0000000900
0.0000000900
0.0000000900
0.0000000900
0.0000000900
0.0000000900
0.0000000900
0.0000000900
0.0000000900
0.0000000900
0.0000000900
0.0000000900
0.0000000900
0.0000000900
0.0000000900
0.0000000900
0.0000000900
0.0000000900
0.0000000900
0.0000000900
0.0000000900
0.0000000900
0.0000000900
0.0000000900
0.0000000900
0.0000000900
0.0000000900
0.0000000900
0.0000000900
0.0000000900
0.0000000900
0.0000000900
0.0000000900
0.0000000900
0.0000000900
0.0000000900
0.0000000900
0.0000000900
0.0000000900
0.0000000900
0.0000000900
0.0000000900
0.0000000900
0.0000000900
0.0000000900
0.0000000900
0.0000000900
0.0000000900
0.0000000900
0.0000000900
0.0000000900
0.0000000900
0.0000000900
0.0000000900
0.0000000900
0.0000000900
0.0000000900
0.0000000900
0.0000000900
0.0000000900
0.0000000900
0.0000000900
0.0000000900
0.0000000900
0.0000000900
0.0000000900
0.0000000900
0.0000000900
0.0000000900
0.0000000900
0.0000000900
0.0000000900
0.0000000900
0.0000000900
0.0000000900
0.0000000900
0.0000000900
0.0000000900
0.0000000900
0.0000000900
0.0000000900
0.0000000900
0.0000000900
0.0000000900
0.0000000900
0.0000000900
0.0000000900
0.0000000900
0.0000000900
0.0000000900
0.0000000900
0.0000000900
0.0000000900
0.0000000900
0.0000000900
0.0000000900
0.0000000900
0.0000000900
0.0000000900
0.0000000900
0.0000000900
0.0000000900
0.0000000900
0.0000000900
0.0000000900
0.0000000900
0.0000000900
0.0000000900
0.0000000900
0.0000000900
0.0000000900
0.0000000900
0.0000000900
0.0000000900
0.0000000900
0.0000000900
0.0000000900
0.0000000900
0.0000000900
0.0000000900
0.0000000900
0.0000000900
0.0000000900
0.0000000900
0.0000000900
0.0000000900
0.0000000900
0.0000000900
0.0000000900
0.0000000900
0.0000000900
0.0000000900
0.0000000900
0.0000000900
0.0000000900
0.0000000900
0.0000000900
0.0000000900
0.0000000900
0.0000000900
0.0000000900
0.0000000900
0.0000000900
0.0000000900
0.0000000900
0.0000000900
0.0000000900
0.0000000900
0.0000000900
0.0000000900
0.0000000900
0.0000000900
0.0000000900
0.0000000900
0.0000000900
0.0000000900
0.0000000900
0.0000000900
0.0000000900
0.0000000900
0.0000000900
0.0000000900
0.0000000900
0.0000000900
0.0000000900
0.0000000900
0.0000000900
0.0000000900
0.0000000900
0.0000000900
0.0000000900
0.0000000900
0.0000000900
0.0000000900
0.0000000900
0.0000000900
0.0000000900
0.0000000900
0.0000000900
0.0000000900
0.0000000900
0.0000000900
0.0000000900
0.0000000900
0.0000000900
0.0000000900
0.0000000900
0.0000000900
0.0000000900
0.0000000900
0.0000000900
0.0000000900
0.0000000900
0.0000000900
0.0000000900
0.0000000900
0.0000000900
0.0000000900
0.0000000900
0.0000000900
0.0000000900
0.0000000900
0.0000000900
0.0000000900
0.0000000900
0.0000000900
0.0000000900
0.0000000900
0.0000000900
0.0000000900
0.0000000900
0.0000000900
0.0000000900
0.0000000900
0.0000000900
0.0000000900
0.0000000900
0.0000000900
0.0000000900
0.0000000900
0.0000000900
0.0000000900
0.0000000900
0.0000000900
0.0000000900
0.0000000900
0.0000000900
0.0000000900
0.0000000900
0.0000000900
0.0000000900
0.0000000900
0.0000000900
0.0000000900
0.0000000900
0.0000000900
0.0000000900
0.0000000900
0.0000000900
0.0000000900
0.0000000900
0.0000000900
0.0000000900
0.0000000900
0.0000000900
0.0000000900
0.0000000900
0.0000000900
0.0000000900
0.0000000900
0.0000000900
0.0000000900
0.0000000900
0.0000000900
0.0000000900
0.0000000900
0.0000000900
0.0000000900
0.0000000900
0.0000000900
0.0000000900
0.0000000900
0.0000000900
0.0000000900
0.0000000900
0.0000000900
0.0000000900
0.0000000900
0.0000000900
0.0000000900
0.0000000900
0.0000000900
0.0000000900
0.0000000900
0.0000000900
0.0000000900
0.0000000900
0.0000000900
0.0000000900
0.0000000900
0.0000000900
0.0000000900
0.0000000900
0.0000000900
0.0000000900
0.0000000900
0.0000000900
0.0000000900
0.0000000900
0.0000000900
0.0000000900
0.0000000900
0.0000000900
0.0000000900
0.0000000900
0.0000000900
0.0000000900
0.0000000900
0.0000000900
0.0000000900
0.0000000900
0.0000000900
0.0000000900
0.0000000900
0.0000000900
0.0000000900
0.0000000900
0.0000000900
0.0000000900
0.0000000900
0.0000000900
0.0000000900
0.0000000900
0.0000000900
0.0000000900
0.0000000900
0.0000000900
0.0000000900
0.0000000900
0.0000000900
0.0000000900
0.0000000900
0.0000000900
0.0000000900
0.0000000900
0.0000000900
0.0000000900
0.0000000900
0.0000000900
0.0000000900
0.0000000900
0.0000000900
0.0000000900
0.0000000900
0.0000000900
0.0000000900
0.0000000900
0.0000000900
0.0000000900
0.0000000900
0.0000000900
0.0000000900
0.0000000900
0.0000000900
0.0000000900
0.0000000900
0.0000000900
0.0000000900
0.0000000900
0.0000000900
0.0000000900
0.0000000900
0.0000000900
0.0000000900
0.0000000900
0.0000000900
0.0000000900
0.0000000900
0.0000000900
0.0000000900
0.0000000900
0.0000000900
0.0000000900
0.0000000900
0.0000000900
0.0000000900
0.0000000900
0.0000000900
0.0000000900
0.0000000900
0.0000000900
0.0000000900
0.0000000900
0.0000000900
0.0000000900
0.0000000900
0.0000000900
0.0000000900
0.0000000900
0.0000000900
0.0000000900
0.0000000900
0.0000000900
0.0000000900
0.0000000900
0.0000000900
0.0000000900
0.0000000900
0.0000000900
0.0000000900
0.0000000900
0.0000000900
0.0000000900
0.0000000900
0.0000000900
0.0000000900
0.0000000900
0.0000000900
0.0000000900
0.0000000900
0.0000000900
0.0000000900
0.0000000900
0.0000000900
0.0000000900
0.0000000900
0.0000000900
0.0000000900
0.0000000900
0.0000000900
0.0000000900
0.0000000900
0.0000000900
0.0000000900
0.0000000900
0.0000000900
0.0000000900
0.0000000900
0.0000000900
0.0000000900
0.0000000900
0.0000000900
0.0000000900
0.0000000900
0.0000000900
0.0000000900
0.0000000900
0.0000000900
0.0000000900